
0678875867
0989045810
0975538370
0963841599
0674787813
0987639558
0977466425
0973584643
0972431417
0986328638
0969456391
0968063620
0969298171
0673636563
0680525261
0686414909
0982944075
0688703839
0975247711
0980654796
0962165791
0978325693
0960604180
0686472265
0967603859
0972427098
0976940292
0971186077
0983733432
0675837507
0967926163
0978612911
0977186478
0685138107
0688838238
0977751596
0960314294
0969644065
0977516210
0977800305
0968335090
0977628054
0977407944
0979348479
0674975772
0986474867
0964937282
0686472011
0976434920
0982754144
0978211150
0986415584
0673909679
0978508482
0681360822
0982956384
0968124225
0967122885
0684246443
0966855357
0675984338
0970771274
0976816760
0687029694
0964139534
0967786788
0966711072
0686258683
0967122885
0680393230
0988868502
0984125478
0977998947
0983622166
0969753642
0671078832
0678381078
0979113245
0680395428
0980425949
0988373787
0980281828
0978211125
0680159844
0964519724
0961704804
0685985308
0966192528
0977911073
0680514160
0637918138
0987332552
0685532148
0977547693
0969835232
0681520168
0961992863
0978358648
0674908162
0971354704
0972427456
0978503551
0673027522
0982422055
0672914465
0972431450
0982422167
0986425403
0987326995
0969571436
0975452192
0988204750
0683369256
0977151142
0972368219
0987200506
0968740113
0989297638
0683374801
0683015098
0964533531
0683395183
0964513734
0976891703
0967023976
0679208972
0986403332
0987889666
0973101783
0678603539
0988402136
0988718220
0979527331
0967199190
0683374803
0966607905
0680516788
0680395430
0986307390
0967282550
0987960138
0978010228
0982709557
0967197081
0671959814
0683395181
0986475044
0977686700
0968757318
0986415659
0672989788
0971648087
0961264727
0673485659
0972674208
0980361679
0978505059
0683232391
0960036249
0978889902
0969440217
0968826964
0987223464
0988058180
0685531413
0987960387
0982421036
0680346615
0973738318
